###Export members date: 2025-12-26 00:25:40.168230 ###
105872814
57734754
113842802
51251559
13986418
95836018
118437218
110938469
112857215
118492504
111194938
79238963
15076523
40938673
10855336
112397999
4868784
73760430
1790125
98451629
526122
16751894
97312925
10961056
113780898
75872548
6471848
120865686
3100324
101877404
120139665
121969298
19408272
1775376
4684046
121036173
3021578
95282313
58751240
69010563
65544448
5743199
119520850
116990023
2715712
25825853
89029685
82457653
108942898
8697386
74933278
116021275
121031189
34144277
110825485
90134539
120965641
4463110
38019058
847863
569334
28487669
14589939
1701875
30111728
4329457
1077232
120348647
111474663
4325350
1103845
12744676
37191648
27226080
13219808
2234335
30509022
3174364
37298139
59727831
19097559
36507600
111538122
40347435
87533352
720680
69963558
44504870
103421730
92589856
91371294
190237
14493467
4837141
114788114
20789010
526098
9109264
34166543
8089358
94926437
25880164
79689314
11980386
4568673
937568
111668831
18212445
28171866
1089113
98113112
43339349
5920338
497236
1228371
3673682
4243023
3606093
8926727
4058628
84837889
2364923
2219513
31415797
8637941
24317427
2690547
988539
20850042
95410110
91206979
75048261
83535172
2006339
4523324
1176892
1621307
5791033
9899320
83807542
3460405
15004973
943405
116598055
32787752
5315878
1746214
110677946
43953440
527647
46173470
110279963
99994908
98719001
83782938
17343769
117067028
112483604
504935
193635
388192
3538015
99765341
35882077
3992667
3929178
84010072
21023831
80553046
17595477
31261780
98221139
58563666
6284368
29899855
73921608
7369803
67208259
20980806
5346376
14453627
60009333
39248759
25332596
16241525
12469109
4045684
58131315
46216050
43344749
17689453
116661096
2456426
15987561
4213608
81156965
35965794
31185764
8403811
1346402
58927964
90395483
68397913
47057752
47059751
12313383
1045286
8399653
1540899
44145441
50105120
4203117
305770
2138729
93385318
1860190
4092506
48450136
16566870
60697170
191055
37890637
72555073
112534079
12204605
87624250
4246074
6554169
2284087
14862901
20871532
20543854
17047916
514412
107598187
32358762
112081248
30876007
97896801
559461
15796580
3645795
14528866
53281121
555360
89858399
6910300
86937946
41509210
35207508
62966090
1239369
18315592
19200322
3295553
111667514
3569967
964909
89282853
2083106
75458660
69558372
823395
110647391
5929057
10692704
20627551
249950
46690397
96221274
72927321
49959000
51069008
9812046
110139466
33720391
94467976
37091207
112721793
6627196
87646074
71765882
292729
100605815
80990068
105910131
1261426
5689201
67092336
17778544
386925
66254700
76343144
42970982
41363302
116035429
3008226
1238753
81882843
9107162
1087192
458455
5232342
120315601
564945
17628879
20004559
17802960
115582672
806607
3610318
6350540
3509963
63485642
12039877
3671749
65916609
20166334
65668798
103085751
5140148
6723250
14141104
107742894
20049578
40031915
116987562
491175
62776999
46462630
3264072
128583
2248262
321088
1379902
86855228
27899452
968252
5723705
4449848
19826232
446006
220724
40496692
37303850
20098597
52753957
32566814
37254686
11056668
7611926
14947859
42434066
104984079
398863
785933
40461836
5719413
58273137
81212787
14148978
98643312
1754480
23072110
2067821
67143021
59635049
93982054
79676774
3607901
15914334
76739934
38409564
435548
107167062
1815894
32064854
92982608
11586896
4326735
3718478
6241613
69829964
26660168
7159108
110296258
232642
629952
13726912
15144127
20579519
29191354
103445687
31278260
113386672
104471726
100039850
42015909
114949285
75121828
112166052
72627363
6171807
2774175
20618389
17054866
222357
107150483
52163731
87817362
1035409
8498319
43914292
1696820
46537779
35324978
13546545
8152109
29627434
111772712
94653479
12676132
6067236
94006305
4752417
59354144
24783903
107904024
30606358
104090643
59462674
99705874
23569
113787919
51878926
55510025
1055752
12733440
93162494
82944
560126
104588286
9923576
22291292
25435
48784218
41159512
9200472
16913239
46424918
91378510
35552075
9448265
94167881
17066822
117910341
74986310
14093123
23274308
24650563
297791
74048317
42101564
88494903
13234997
98214710
56871732
32674606
162605
30130988
13550378
25316134
12796599
18580150
80841396
3793588
3316400
92527277
46875307
27378346
59265703
103705253
9743011
1274528
100432541
731800
47104664
9329300
107295380
1041044
91249298
37644945
10594960
4162192
33030798
13499021
283275
41826951
25459327
114258560
92537315
10699234
3742176
85268958
31263193
9480665
5401047
19503571
103422418
83005909
105828819
19829202
38863314
11805137
1249744
5867973
66312643
114266559
3846586
553401
12466613
1483189
741807
4891056
33649071
20771245
14918057
983461
1513891
12501411
23353614
81170702
37133
105316620
1693962
3961097
5294339
3043584
15225085
7442684
72394997
30152948
42793202
366834
75464945
6084848
50942188
75053288
38527208
10619106
67434721
2785500
30675161
12697816
45578448
393430
2382031
68866260
23957715
12574930
37273809
3696847
25909454
13430988
91037901
16527564
61978686
1558590
34740285
17578042
107513914
94013495
108038198
18180149
7403570
44214322
1804335
8349743
28248109
118356008
18135076
1005603
13105184
2512926
1976350
2955292
91015194
6264847
370700
3102730
5629962
18827273
16525320
71698435
20264960
22741334
9396565
86298957
3748172
90796363
2793801
9675082
74058
116638025
1663301
852292
65286466
24898
3920193
18960704
7827766
5169460
72556851
29364525
116318505
16675
27640098
20480286
10641692
1523787
50643018
9850949
28737
565313
12546111
78229564
117755959
52101175
44777522
50978862
40194092
69402665
6553639
112914469
16924708
71348258
46497826
9347101
114847768
9228309
71376915
16752658
82423822
8937473
31106257
884704
14863749
72280386
41442934
1080256
101863048
93097032
74327
8252709
903933
70637112
42527223
82687001
2390619
7620797
17904351
64619391
18624650
29017
106757198
12702835
1014772
5170635
2344894
33987212
116933837
45667815
7314141
32843369
28789216
5587361
40773914
113567726
110018530
389873
1654551
84029946
115040380
431362
30910267
76706320
348390
89916951
18630272
26916055
4578274
33321841
353216
12359465
83068991
95219463
30294408
578571
70145908
92357030
9880792
7559074
54916084
7333944
2450958
6304593
52029148
2674634
13320519
2891728
6668233
43721850
34386504
14036642
5992265
37026656
63169602
112699554
59239202
4088632
106928460
33130487
5139790
1316457
7136147
21680697
76250682
2253649
107880815
2344550
414674
54986246
3983012
46551178
2921749
99377545
14796578
81486403
27062262
641008
22570067
109099923
110576963
9811308
28124002
92163737
8719483
458152
98552410
18397925
115935729
36470747
30942760
61318099
34025740
612419
13626768
622284
10807924
4490511
16655864
2684135
65928541
89044839
67957321
63604488
32825150
37040868
30628011
1525543
87571682
6526081
23614
58188804
231938
72687913
45777824
857744
437024
15135717
9584291
1777782
37404520
1419876
3211313
91817307
13083823
11379577
28163005
6532108
62756888
7661683
60094900
66506228
79415205
7877577
22042723
23129406
89737999
89690842
32854905
92069438
12405233
11448753
39447699
68015458
3980213
69771310
6030556
480273
698313
57053848
114893012
13669153
12120457
1569780
78261341
1237000
92877215
77084995
43448346
17933231
34838
31067825
2406050
1860327
106678419
82882643
2213934
16806492
22818533
2798146
99978567
11435001
16472987
103897787
1704759
95132168
6263825
12306422
23164288
594018
30706874
88561488
105387426
10466062
1231923
96677749
9309600
39799386
108777062
16725227
5667362
65922049
8613948
30089075
27796694
19417472
39797324
76827340
30550575
116114145
96072423
305097
4909921
69793237
10572877
3827990
3047228
25903
118466942
33568006
26314089
21971914
1997951
111439867
49191795
367613
2327711
12874991
19233930
8548115
397729
71561597
4708058
35264829
9575367
90886342
18899
18121
16037
15109
14083
11732
9548
9314
8019
6789
6278
5138
296713
293363
290885
286583
278070
276923
267027
248189
247798
244462
243250
239680
238286
235909
226089
223424
216876
215082
198995
194169
163234
149719
148209
140679
138129
137547
129258
121023
120118
112519
100527
95397
94511
90589
84460
81970
75025
71407
67287
62133
60554
58815
50759
49287
39651
38885
38867
32426
31531
31100
27941
27369
25535
16494
14168
11688
9892
9616
6979
5967
5883
5554
4820
4721
4410
2990
2677
2663
1998
106643691
106219982
106183534
10609417
10577069
105702426
105626
10528975
105081153
104741026
104555
10452553
104297237
104141673
10380984
10377801
10367721
1034381
103347451
103179765
10309098
102980809
10308871
103027926
10258021
101475665
1014556
10125402
101057557
10083812
100762433
10054554
100406778
100241490
100045852
11
###END-OF-FILE###